1,0,0,0,0,0,1,5,5,5,5,5,5,5,5,5,5,5,5,5,5,5,5,5,5,
1,4,4,2,2,4,1,5,5,5,5,5,5,5,5,5,5,5,5,5,5,5,5,5,5,
1,4,0,2,4,4,1,5,5,5,5,5,5,5,5,5,5,5,5,5,5,5,5,5,5,
1,2,2,4,4,0,1,5,5,5,5,5,5,5,5,5,5,5,5,5,5,5,5,5,5,
1,2,0,4,4,4,1,5,5,5,5,5,5,5,5,5,5,5,5,5,5,5,5,5,5,
1,4,4,2,4,4,1,5,5,5,5,5,5,5,5,5,5,5,5,5,5,5,5,5,5,
1,0,0,0,0,0,1,5,5,5,5,5,5,5,5,5,5,5,5,5,5,5,5,5,5,
5,5,5,5,5,5,5,5,5,5,5,5,5,5,5,5,5,5,5,5,5,5,5,5,5,
5,5,5,5,5,5,5,5,5,5,5,5,5,5,5,5,5,5,5,5,5,5,5,5,5,
5,5,5,5,5,5,5,5,5,5,5,5,5,5,5,5,5,5,5,5,5,5,5,5,5,
5,5,5,5,5,5,5,5,5,5,5,5,5,5,5,5,5,5,5,5,5,5,5,5,5,
5,5,5,5,5,5,5,5,5,5,5,5,5,5,5,5,5,5,5,5,5,5,5,5,5,
5,5,5,5,5,5,5,5,5,5,5,5,5,5,5,5,5,5,5,5,5,5,5,5,5,
5,5,5,5,5,5,5,5,5,5,5,5,5,5,5,5,5,5,5,5,5,5,5,5,5,
5,5,5,5,5,5,5,5,5,5,5,5,5,5,5,5,5,5,5,5,5,5,5,5,5,
5,5,5,5,5,5,5,5,5,5,5,5,5,5,5,5,5,5,5,5,5,5,5,5,5,
5,5,5,5,5,5,5,5,5,5,5,5,5,5,5,5,5,5,5,5,5,5,5,5,5,
5,5,5,5,5,5,5,5,5,5,5,5,5,5,5,5,5,5,5,5,5,5,5,5,5,
5,5,5,5,5,5,5,5,5,5,5,5,5,5,5,5,5,5,5,5,5,5,5,5,5,
5,5,5,5,5,5,5,5,5,5,5,5,5,5,5,5,5,5,5,5,5,5,5,5,5,

